a = [2, 1;-1, 4]; b = [-1 3; 0 2]; c = [2; 1]; d = eye(2);
r = a + b; % [1 4; -1 6]
r = a * b; % [-2 8; 1 5]
r = a .* b; % [-2 3; -0 8]
r = a * c; % [5; 2]
% r = a .* c; Error
r = a \ b; % [-0.4444 1.1111; -0.1111 0.7778]
r  = a .\ b; % [-0.5000 3.000; 0.0000 0.5000]
r = a .^ b; % [0.5000 1.0000; 1.0000 16.0000]
