a = 2:3:8; % [2 5 8]
b = [a' a' a']; % [2 2 2;5 5 5;8 8 8]
c = b(1:2:3, 1:2:3); % [2 2;8 8]
d = a + b(2,:); % [7 10 13]
w = [zeros(1, 3) ones(3, 1)' 3:5']; % [0 0 0 1 1 1 3 4 5]
b([1 3], 2) = b([3 1], 2); % [2 8 2;5 5 5;8 2 8]
